-742
-574
-575
-849
-362
-342
-188
-426
357
-136
-439
173
-991
-410
37
420
356
-580
817
693
-988
370
-906
-147
-169
727
-914
-672
453
-569
-605
-161
-446
-262
2
-519
-576
-311
-543
-454
455
-500
510
794
-500
-549
864
-745
-938
-55
-456
-621
283
-23
492
-567
300
-767
326
254
-185
-648
-508
13
364
9
-290
962
-754
-14
572
-596
-446
811
-694
632
850
497
-322
780
-5
417
231
-404
710
-833
606
-34
-36
388
497
-585
-632
424
-461
221
-743
-262
-276
-454
639
-989
-19
806
-739
-753
785
-23
210
-369
441
531
-398
360
-274
-734
464
-54
23
25
620
-990
72
973
-440
-25
-677
28
260
184
-173
-48
-605
-456
747
234
-225
-555
605
-558
-338
-691
545
-949
805
375
-620
-620
53
-828
-875
-467
133
867
776
33
499
124
-318
-706
702
994
639
-623
268
244
-380
680
-511
230
-546
-352
911
853
-625
-402
-734
-627
140
-67
-370
-766
-136
487
-361
-869
292
-657
122
-302
-382
-582
-619
797
-247
925
591
302
832
704
745
-852
-830
96
-662
-795
714
200
386
569
-474
-488
-552
281
-854
813
-269
-200
-942
788
-913
793
-224
-697
-656
728
-170
337
-152
499
-202
-212
720
683
933
671
321
-76
102
567
949
-367
501
-972
-976
561
-489
-678
17
87
607
404
-233
-789
-975
-795
-269
734
-145
-404
-246
-526
375
821
830
512
-195
650
-573
810
995
911
-821
-487
176
-13
-210
994
692
513
102
380
543
711
-167
135
-163
-526
-822
-271
-547
-333
-826
-716
-384
393
952
-949
717
-196
856
909
-960
140
-415
361
404
-820
712
302
-568
677
-998
782
-67
913
-418
-441
941
-947
59
510
323
-209
-603
770
-988
996
-23
220
-494
102
-824
298
-35
-637
426
1000
973
-880
-32
689
-108
123
900
772
-255
-418
-492
66
166
805
143
724
927
-911
-573
-723
692
-65
-161
130
-659
289
998
-37
-913
-628
307
-201
795
-329
62
-864
-163
424
9
-651
-951
610
549
-521
-968
543
586
-172
26
-518
82
353
-389
507
-514
868
-518
-8
272
-137
926
-317
729
-692
-505
59
-4
592
655
-276
537
-58
625
-955
312
301
-169
17
-260
-514
303
-610
-642
-722
816
56
-225
-275
-302
649
226
-363
955
242
-293
641
-814
630
-202
196
-532
-614
42
-513
743
-443
395
-892
510
-396
590
305
310
613
-590
-346
571
-3
738
-452
-259
-546
85
655
537
128
637
398
183
720
-440
-488
-740
333
-985
357
438
961
-117
-724
-13
865
-687
-739
3
-947
394
-52
818
102
10
570
193
-295
-739
-600
184
796
-576
-957
-307
498
-43
618
-247
-354
761
110
-783
-139
-43
-898
-46
-247
554
-182
427
590
-413
792
-69
928
487
945
918
-938
268
204
-799
-636
-230
844
430
-487
-862
240
-335
-90
-103
909
-292
860
-66
-77
-200
-170
631
-824
647
960
593
191
582
-369
-936
-392
-477
-512
363
-397
-619
-323
-171
873
948
915
320
253
-64
599
224
250
694
-633
-957
77
594
848
-770
848
-998
50
329
-48
-999
699
971
478
-257
-390
-744
803
994
-558
315
416
-778
657
309
147
-789
113
-801
584
229
-620
-391
348
-615
-847
-23
-699
401
856
-773
716
-750
-659
702
-947
-618
629
-939
537
-67
419
729
159
138
-448
-929
-976
-366
-90
153
-927
-130
-433
-328
79
-377
507
775
-563
874
825
-779
-747
57
513
-130
-33
325
-96
-624
11
502
6
-777
-54
592
-922
541
-719
629
21
-685
-863
600
-403
-371
696
42
-563
344
-307
-934
-464
-186
553
563
489
305
-117
756
400
124
724
-211
-9
-634
182
89
-81
374
-598
352
342
-869
465
-240
330
615
448
358
-804
665
432
-376
571
874
973
887
768
141
-227
-728
731
-52
-181
918
578
-399
-563
-321
-183
-51
180
359
-690
396
579
463
760
415
325
625
-64
707
133
-637
-691
-282
348
-445
351
-274
-692
-659
-547
-1
-431
-79
190
350
-113
660
-348
101
-17
-470
-357
845
821
-546
-160
-133
957
274
349
154
494
59
243
-524
-974
259
592
-46
-14
696
217
-427
-616
-82
-796
-687
932
99
81
-29
692
-328
-809
543
913
626
-664
903
-978
-418
97
434
311
-750
945
858
-639
-942
-695
844
361
-103
-851
-301
223
936
-624
259
-806
-397
-882
316
665
481
306
521
-591
384
-621
502
275
-977
619
-441
-705
712
181
95
-576
-405
571
-698
-976
160
-542
518
-876
-38
-910
377
801
143
-105
-115
-609
162
-90
605
759
558
-909
-359
594
636
249
-211
-604
145
791
547
-646
-307
-353
-940
771
749
-186
489
593
-694
-194
942
931
864
-72
518
-635
-176
-377
77
-294
214
597
-268
-262
891
-958
-965
-617
422
-682
87
454
729
-759
293
985
48
-590
784
221
-352
-220
66
390
984
-108
-416
417
-266
-83
253
-29
-978
664
555
-614
-201
-374
-99
263
-955
699
930
-492
-281
687
-662
-909
890
-454
586
-488
235
-550
999
-508
-551
923
-472
756
307
191
-99
392
570
351
86
269
644
-614
-117
476
523
-721
485
857
528
155
-21
997
713
924
585
928
-135
179
290
-307
256
202
648
-651
470
418
789
-39
312
521
319
-926
-82
-461
-968
-379
-282
765
-404
-258
-642
296
-948
-733
308
125
-321
-406
-736
-243
-2
-538
-560
-339
-118
192
640
540
-337
-293
902
111
886
-829
-994
844
-672
-990
-110
-702
315
757
585
-247
-164
389
618
278
752
-201
896
-997
-361
-855
-497
-945
-207
266
730
118
975
-146
-927
956
496
495
314
-350
498
-797
-765
-956
-142
38
59
-922
-949
-622
-478
-634
-835
894
-883
-879
-38
544
-708
-443
-609
815
98
-92
-949
709
70
963
564
-467
73
291
-438
-217
920
20
423
872
533
312
262
-844
-602
262
-40
558
885
6
893
969
978
864
628
329
793
323
-238
-92
43
461
157
-921
-813
-412
-828
578
-66
-365
-801
743
-827
-519
352
709
481
-288
-721
189
-97
592
-229
276
-55
-49
529
242
-977
-134
-821
139
-416
-493
230
56
-920
912
267
-850
-224
-871
-468
466
903
-177
221
884
224
-323
-53
921
-280
-347
298
-791
-789
892
-118
473
-381
101
-861
-841
-985
767
68
-580
78
656
850
-688
-202
-676
-995
-313
-257
-714
-869
-851
345
890
719
351
-561
185
602
-465
-460
259
457
-601
699
-395
826
539
5
-947
574
-749
373
-881
-234
903
661
969
-125
522
782
18
216
933
182
559
-532
754
179
980
-236
627
-317
513
-435
-321
-131
638
684
781
-488
-979
-791
846
-251
-150
438
-353
-166
681
-966
-499
346
-878
-999
-636
-226
566
462
-490
968
-527
616
259
756
-450
-738
-524
460
227
384
84
-230
793
-897
509
-479
937
-990
-960
-45
-991
-754
695
948
99
-238
973
538
732
615
755
195
424
-457
-369
336
794
-386
529
335
-161
-614
-861
-854
-344
-705
-872
-575
462
851
622
-120
-633
-53
545
-179
891
855
661
-541
231
-501
-659
938
-721
54
856
-92
29
-932
695
-395
889
-315
609
-462
-681
782
897
249
463
838
856
546
-255
966
-125
-612
-778
-450
802
-777
-946
-789
21
779
-693
972
-209
-856
366
882
-606
929
-889
620
-743
-976
-381
286
119
991
-121
578
-62
460
-149
-328
789
582
62
483
-276
869
296
-994
599
7
903
407
419
-863
-236
393
-346
864
-323
585
426
377
236
349
-417
823
516
-329
2
-257
-133
169
-144
-104
838
-633
62
-513
-332
-650
-552
222
-321
162
-11
139
240
831
-211
-132
722
915
148
-754
555
155
-501
367
-156
644
-516
528
-262
915
91
-605
-649
378
959
-27
50
-338
235
-200
129
-476
154
256
68
-714
-405
599
157
334
-210
-411
984
-367
-611
-126
-730
103
-206
620
394
47
626
-165
306
-142
179
656
-852
-25
-174
745
-625
-331
429
115
762
779
-836
-370
152
500
-188
-390
841
463
682
-113
-439
-730
886
759
-169
800
-343
161
377
-78
-609
890
-443
965
832
781
-129
846
-923
953
-593
143
-154
-879
957
-621
-271
217
723
400
565
-445
-46
-51
573
-394
85
594
79
-752
-324
991
-81
-61
845
239
109
-962
126
-239
-455
-52
-276
97
-370
-265
518
-282
645
886
-100
427
-807
-671
299
-935
-657
462
-468
-887
-264
-26
100
-606
790
-380
246
828
-58
-643
-728
-511
953
-301
118
265
240
-518
-295
871
547
-68
-481
-639
-313
-680
77
261
702
-50
-986
-740
-48
-179
334
-891
633
-444
109
736
-137
592
-830
-345
727
120
614
913
-532
568
-721
276
-406
-948
841
-53
-938
-817
-863
-730
804
724
-991
715
-28
215
348
-658
-18
-377
925
75
240
-114
-388
797
-235
-440
-855
691
-205
446
833
769
-956
604
-146
283
885
-635
814
592
325
-957
248
753
546
-667
-906
811
-245
-815
294
-998
154
-44
-663
-495
973
797
-110
-15
-838
194
359
921
840
-1
373
-154
147
184
-939
255
-922
166
340
-143
76
-572
-208
-358
-666
515
-247
608
-771
62
-524
-363
319
691
701
355
543
-167
176
571
-248
863
934
678
-320
491
355
-804
-607
-4
-395
249
683
781
746
-311
-598
-722
843
383
864
-623
-845
-603
-804
-626
-167
-208
-61
185
472
422
-653
746
-838
695
730
-8
-468
44
-840
-438
864
249
-190
304
-444
661
-607
-60
-618
-727
-348
-490
368
-313
-570
711
655
10
-623
-48
116
578
-297
-524
208
726
-109
850
593
-585
330
369
51
-22
799
-543
76
-511
692
-319
849
763
-284
239
835
358
-791
-819
786
-836
373
53
-563
983
235
-237
349
-170
956
145
902
321
-615
-117
-998
947
161
-619
453
-456
648
-924
-57
-354
-40
879
830
909
168
-68
217
-818
-944
482
-401
343
799
-817
-181
-592
-875
-590
605
401
-682
723
458
233
-253
384
154
544
-597
-231
-544
-699
651
813
887
988
-788
-486
-213
-125
230
-780
540
333
-586
-329
204
966
296
510
766
-641
85
27
-471
-528
-437
-798
-105
450
-662
-376
-92
-356
862
-694
268
-80
-377
-492
361
-774
-942
497
203
-321
-705
511
320
-877
-134
406
261
885
882
493
991
747
934
964
-973
-495
569
-344
996
-187
542
223
21
-620
-164
-1000
-280
-375
-455
-511
-202
-11
-819
511
324
83
-907
448
-910
440
-921
762
-167
94
200
-290
-487
425
-803
-874
313
-181
-98
-841
190
848
407
829
700
38
-590
-582
653
372
997
-874
912
856
661
826
-528
-775
69
-279
-52
548
810
-381
705
801
741
-906
-887
-30
-963
-574
-586
452
-953
692
-52
589
-976
-581
634
975
-127
225
263
709
-453
210
-727
828
727
786
-914
-360
440
-610
-250
-889
948
381
126
-258
-664
507
167
824
-146
-133
-537
938
172
371
-211
-487
734
-72
437
173
-751
7
131
-403
541
911
-698
-348
-775
-826
-212
414
-407
588
731
-672
-263
662
563
-557
193
-745
199
912
747
-255
670
778
-194
-429
-12
-344
-707
-625
876
831
-574
438
-180
749
335
-253
913
754
89
-499
-103
-225
-71
635
-554
127
822
398
-766
9
-515
10
350
510
-165
701
406
853
-961
36
279
924
797
-968
608
-479
679
-486
-844
18
-228
988
444
664
-187
614
999
99
509
177
-726
907
-200
-213
115
-748
-29
480
-405
-735
607
365
-365
261
-1000
933
-323
-65
478
-57
568
-588
-242
386
991
-279
262
-441
90
379
84
-608
5
-878
684
304
291
40
-413
402
993
704
-740
715
-628
-352
105
418
300
23
-969
-677
327
-213
-237
-941
-807
-1
899
586
920
-636
-92
34
92
538
-795
322
344
-597
6
823
832
-741
-961
-205
-769
837
-764
-255
-725
713
-145
-470
-400
-433
-556
573
-163
-109
-439
-67
221
991
793
271
-755
-849
628
161
266
-293
-234
300
-217
-436
-687
727
698
207
-185
921
326
623
-797
-891
-939
994
734
272
-713
-551
-64
616
-896
-871
616
-921
-902
-443
681
196
-224
-228
-24
-874
-766
530
495
-350
-463
573
-236
-292
471
-486
494
753
404
-551
173
805
911
-165
911
543
-106
-945
723
399
-258
-901
68
513
-55
-961
-504
-292
-333
-995
378
969
561
-592
275
507
288
-875
707
727
-388
-34
-129
820
-878
776
405
134
-947
-897
619
221
-159
96
-775
-206
572
-581
857
327
288
377
608
610
-156
-839
-643
553
309
450
355
-887
512
-231
-431
776
7
713
553
-895
-694
-133
413
21
783
-570
-953
735
520
546
279
-359
726
621
242
938
-972
335
77
-905
368
925
-621
-972
-505
986
-231
-576
-643
351
-188
-199
520
-772
451
478
-947
-845
900
18
-179
-482
887
669
-556
458
-951
-711
577
501
-373
-290
591
-141
386
520
-164
-9
968
842
183
151
-687
-918
-529
554
45
215
770
97
-330
209
-57
-679
-743
757
-625
-811
-569
-673
803
219
-520
358
-792
665
-568
807
-567
754
-25
-668
945
186
685
-817
-978
-221
-768
-819
275
-541
-924
-356
597
-916
543
316
855
846
-873
347
-462
698
775
-165
-372
-829
-961
953
-898
579
565
610
176
-467
-135
-215
-351
-124
82
586
572
339
238
740
-757
263
-76
-318
451
-223
206
-985
754
-128
450
-549
299
617
-570
660
-675
-965
262
565
-322
-567
-576
98
-180
-414
-658
217
748
559
799
610
-68
-331
-208
-222
752
-273
-9
595
-321
636
-520
-839
-977
-374
-612
961
947
614
4
-837
890
586
-919
639
-331
145
153
270
393
425
125
-48
378
846
-387
-826
-131
269
307
205
491
533
419
-508
575
-33
456
-345
585
1
-379
254
-951
-452
773
-55
899
785
-7
-17
-762
249
-540
884
91
-628
984
501
-991
397
-232
-622
182
-293
512
-97
287
-593
789
864
713
-919
530
-499
-623
-784
270
-132
-627
-793
240
-613
-468
-102
-386
-91
-819
53
-138
-974
388
189
-173
-506
-269
678
-643
498
-408
502
550
-611
154
-361
-182
-63
871
872
-946
-195
847
198
-793
-210
-744
-874
-361
-612
-897
36
-442
-837
-533
791
532
716
-810
37
-919
-303
744
225
395
421
226
692
229
819
-74
-749
-141
982
-264
-686
-780
923
-276
420
783
-179
-229
311
98
-128
964
798
-494
-696
362
539
35
-897
-457
-500
-565
-876
355
-258
-529
336
530
-643
-411
-339
670
575
-10
67
-225
-416
134
-278
810
652
-582
-122
-951
817
-375
366
737
333
-665
-491
-307
900
-186
159
-35
-807
439
918
725
-232
493
49
489
-964
890
445
-504
-671
-937
31
-760
986
-536
890
-226
754
869
-652
465
-613
-873
574
475
399
457
-88
-728
913
-247
-925
373
-661
141
-237
694
77
-439
920
893
697
-131
675
132
-228
-573
-527
-833
-398
786
-986
-835
489
47
387
-194
858
-743
-612
485
422
440
832
803
-614
-852
-399
-702
997
-780
150
89
392
133
42
178
-179
765
27
499
406
254
341
38
243
26
785
803
-577
-117
300
-33
-946
-650
133
-42
703
-738
27
419
-228
504
118
-908
-69
604
-630
-544
345
822
907
-781
99
-629
893
856
22
669
-481
698
161
-730
-192
230
231
-517
12
-138
-840
632
-611
-820
804
-927
-509
-967
-288
-165
-419
347
121
139
-904
-79
-489
-521
-987
123
395
-341
87
600
770
770
311
997
-279
378
725
170
594
-464
-510
559
937
764
546
343
60
77
358
-780
959
657
-39
-857
880
179
58
433
-229
-56
-713
-711
385
-940
-857
-818
892
-444
-636
-891
349
-577
-266
-236
-185
-857
999
927
207
-338
516
677
158
772
-30
935
-601
866
-401
636
-461
-379
-568
-572
147
641
-120
-864
393
-399
-941
-972
-534
620
-155
-42
406
527
358
-670
-210
854
-933
72
963
-682
-246
-559
-646
-538
884
900
949
-331
-567
-519
-226
801
653
-716
812
-582
270
-821
463
907
805
-790
-351
494
-543
-58
-331
-398
-651
-370
43
-803
-301
-458
249
-958
-974
-291
444
262
522
391
78
636
-279
274
950
979
303
-624
30
302
537
9
161
-249
-685
-817
-967
-403
492
165
-469
929
-193
192
-526
-745
-588
704
-394
877
-460
805
-568
-304
42
845
649
726
983
568
-528
-103
519
-764
-425
39
839
-292
-489
-119
-98
-501
-690
-820
-172
-140
381
-15
971
-462
333
442
162
850
200
708
908
479
502
-123
86
-961
551
778
136
750
789
-161
469
-581
-856
458
132
-478
-467
-297
84
154
762
738
-733
-627
-744
879
-592
-112
373
-722
-98
767
113
-106
105
-78
-686
377
356
411
-76
-366
-977
-500
-349
-537
662
-132
-541
980
814
913
-292
-274
198
-478
295
71
-348
193
-168
-34
28
118
-166
-573
-423
802
-137
-387
150
306
638
700
-869
588
-45
-156
285
-131
787
-500
-895
765
-269
516
68
468
-231
545
-559
-251
168
315
-556
-778
845
678
-677
-94
776
-191
-962
719
239
511
-947
-634
-110
867
480
624
504
-644
269
-425
648
-740
-44
-271
-545
-325
632
503
-38
-983
-281
901
718
944
160
-284
-994
557
38
-517
-959
-745
134
-959
-154
-733
-190
-871
-39
579
-202
-613
-278
-252
607
-134
-564
-837
-120
-130
931
357
-265
668
466
-304
228
-980
-933
-546
-307
-801
979
-986
635
89
8
-792
389
208
-346
-493
-645
-179
-60
-289
-364
-546
-554
-515
827
-957
-273
-607
-661
107
-810
715
-121
499
769
-816
-200
795
-852
680
-580
560
-661
-962
682
-763
549
-736
584
173
-560
-628
615
809
637
-12
285
-969
-645
374
677
942
452
727
100
115
937
-609
-785
982
-646
-16
366
-590
913
663
763
551
-151
247
540
-68
-144
-392
303
942
-278
254
-778
573
-826
-740
-89
-194
728
384
-320
118
507
687
-809
-779
-530
-206
-715
-179
291
-74
-273
-995
-64
201
-119
-613
951
-760
-669
894
173
499
637
-446
-504
512
890
-873
73
-591
-642
-175
419
495
-180
-193
785
508
792
-918
902
-909
-471
-235
667
44
-587
842
917
-421
872
-983
-699
522
170
881
330
221
839
39
-450
-883
-786
74
565
914
-482
-131
-824
-967
303
944
214
-26
322
934
925
-863
359
-438
591
-841
-636
-334
-641
-839
483
-400
181
-803
-166
305
-579
-758
-300
-106
613
38
519
43
813
103
551
-836
-160
-175
-855
335
-629
-12
-62
-823
-310
223
390
96
-715
254
980
862
663
-213
-583
-906
-133
146
324
-820
673
545
-719
479
409
864
177
542
518
-426
577
-682
-148
904
-742
308
-22
-433
-657
-396
102
-875
816
701
662
-422
-23
55
-976
-526
583
-874
431
-224
295
-370
740
966
-780
845
883
671
261
-977
821
326
973
704
810
-707
681
-846
673
-908
-871
46
587
-231
335
815
-737
-963
-531
278
-152
-405
-686
532
625
600
372
208
-639
872
-8
90
-177
-279
-780
117
984
789
45
-987
302
40
714
68
247
-993
-426
-630
547
135
83
641
-247
-230
-434
973
-330
-377
255
-255
624
561
-588
747
-171
122
-902
-693
874
-39
-967
406
811
-218
857
-4
-226
-275
400
844
-133
912
510
-843
-522
247
962
-6
462
-258
798
18
185
-749
-483
-824
573
-939
-126
-973
-638
501
-477
-154
-267
-760
174
983
-827
215
-760
-197
172
-914
-641
708
-563
-977
-970
310
-136
-460
854
812
-265
36
-35
-852
408
739
-736
812
677
-913
-187
-950
665
-423
649
-485
876
-667
-44
179
296
583
-655
-490
335
655
755
530
-486
345
-537
454
-791
-559
-868
-435
-337
-824
764
-624
-124
-59
-849
786
-46
429
-174
615
-766
-440
126
911
313
832
668
-130
173
-410
-704
-334
657
821
-773
633
237
861
-458
-987
-498
-588
-60
886
-112
699
408
-664
633
29
91
-134
65
162
-566
901
645
-938
-199
957
-347
283
148
597
-547
-658
161
-385
401
-777
749
65
533
209
836
615
438
-178
491
-22
724
571
-459
-396
946
-470
433
688
782
749
96
772
-501
-326
549
772
347
-59
437
-766
-681
-642
-731
688
-389
-417
-399
-900
-358
939
345
991
50
-735
19
-187
-324
-776
-672
666
57
518
-255
682
-81
-616
688
-467
81
454
-516
831
633
295
367
-93
-249
981
-299
-201
-172
506
968
13
-679
-157
472
-897
-241
585
-456
557
254
-654
-81
107
-728
807
-416
-859
266
-771
-10
-523
100
388
642
-431
827
-211
-731
-630
34
399
-547
-843
82
-365
835
497
-636
-426
56
433
-932
705
-565
-422
438
384
-852
-290
907
871
291
-673
164
-418
90
979
636
634
170
462
314
13
-577
-167
-353
-179
620
236
786
-572
139
343
862
767
647
288
83
-233
-399
-80
-201
946
-210
995
425
652
-400
-821
168
-932
-329
-695
-51
-718
-591
-963
914
-433
-802
961
-680
-504
-182
926
-44
-150
-5
117
149
-158
770
840
95
201
-818
291
-371
-242
192
-873
619
-763
150
915
-154
-673
390
-508
-598
538
-602
337
327
97
152
-982
220
-646
-638
998
-264
508
178
848
-366
-983
-296
-830
208
211
50
-811
-622
935
205
916
534
-103
792
-228
-672
855
-326
-529
-255
834
101
240
647
-190
-814
-909
291
-703
-586
-649
513
-491
-706
-858
-876
-538
-828
-349
293
-877
669
-405
842
182
809
-322
-931
-474
-551
861
204
735
-117
-774
958
-350
-122
-423
-417
-357
-307
87
-813
-738
-814
862
53
-726
832
-661
-163
-334
643
55
874
620
-172
-220
117
563
-956
-79
-802
405
686
436
177
-929
-675
-953
-937
177
567
-974
556
-471
555
-911
-767
330
457
-858
-421
-788
-402
-392
-599
595
516
857
-610
-81
127
-676
531
847
-813
-518
752
125
-530
-663
-849
-216
-258
-990
-968
739
-989
637
-155
-226
-917
-264
808
988
974
-217
496
958
80
781
589
886
-948
902
802
-557
985
859
-979
-817
-735
466
-395
-303
891
-899
858
-535
-117
363
-577
737
-384
-302
-176
829
-899
586
121
112
797
963
-81
305
117
640
-135
-677
373
630
101
-22
298
-783
831
-442
-717
-520
817
-137
124
722
887
-30
201
-196
-771
836
-898
825
81
287
779
-367
293
483
77
961
319
-464
-710
668
752
210
-147
-655
-401
-4
658
297
-306
-985
526
-384
-267
-820
-919
-361
-817
409
511
-649
-993
-126
-629
-317
902
859
962
-136
-834
448
213
-614
-412
-209
657
-492
-592
295
121
-942
-615
-735
33
201
-770
-297
986
-528
248
948
338
463
-326
941
439
-654
496
394
-556
-234
-908
667
-196
749
-982
-231
-960
-58
152
368
-384
-821
-724
95
45
871
-431
-197
-696
58
703
-631
468
868
-983
-951
5
-646
9
-149
-934
371
-15
-779
-979
-125
978
-420
704
167
-560
493
860
309
-997
730
805
673
326
-124
623
-823
-215
228
-804
-762
412
-266
-905
-132
-328
262
-117
-77
421
667
-930
-303
383
52
-742
612
-453
635
-383
-188
-363
-270
292
195
-502
889
-728
592
-732
508
-977
64
-449
-868
-533
56
-955
-887
574
-539
274
-78
-472
-444
-228
-985
629
305
-618
-681
957
437
634
256
-463
777
-421
-265
680
971
-922
-32
-366
-595
-406
-135
-589
270
-358
-746
-503
-813
849
892
261
-631
98
930
-282
-434
33
50
-428
-6
-355
-508
636
-999
-670
-526
-267
705
-193
-190
977
570
-751
137
-613
-254
-362
-71
-455
962
-506
110
76
918
748
797
356
-354
-990
-421
-45
-915
637
697
613
329
-860
-742
-87
-578
-35
903
-847
752
131
-418
78
820
-25
-3
139
772
-344
-450
230
591
295
-554
-756
-232
-885
641
418
-981
-823
-171
-44
841
955
-587
-178
477
-203
195
554
-752
-188
-839
271
-154
530
-788
-817
-875
-674
-184
839
964
-633
78
-426
230
382
-886
265
56
178
945
857
905
-572
-648
304
-319
-111
-820
-56
-222
593
128
-785
-962
-831
236
-647
-607
216
-714
846
850
310
655
811
-403
570
-476
-807
738
-242
-344
-25
-267
-594
-356
880
704
-1
-241
-987
819
-705
820
-362
-14
176
848
725
-233
525
-741
703
-459
-633
-772
654
923
648
391
-571
352
33
-389
-155
-185
-915
-760
-695
-23
290
685
-247
739
974
230
-992
-241
521
-857
910
925
601
-530
-423
-166
941
904
-64
-661
-744
248
514
-798
-336
-847
-493
-121
445
-288
-367
-36
655
-906
-702
498
-791
465
449
-595
-346
457
-132
569
690
320
-967
-678
302
-37
946
691
851
-881
-122
255
786
-194
-95
-906
253
749
852
-666
-439
298
-529
144
983
-397
903
284
-796
-175
512
690
-191
962
71
-105
602
-759
612
664
-455
-948
644
490
-401
-563
795
-329
-342
-43
250
-482
-656
-235
202
-902
-303
-797
-872
563
321
316
-486
-986
-10
534
126
-35
-830
-308
-958
413
-275
574
184
572
-79
-786
-681
-766
-623
-263
-360
576
-536
-218
841
-372
70
10
-216
-359
-962
243
-318
627
-996
190
151
380
-615
-912
261
-748
-774
-477
-571
-931
559
104
963
-426
-337
558
-16
-754
-255
-225
-234
252
-982
363
160
549
-30
-677
731
607
-670
905
-848
-174
360
19
469
639
-647
-369
34
279
165
524
-503
-643
-393
-350
63
-98
617
259
933
867
-866
711
-885
-177
-954
-812
-469
-652
-865
2
-313
470
305
-232
303
-867
101
-573
438
449
-486
-998
-516
-39
-833
980
841
956
-564
680
-540
-534
339
-250
108
232
-496
722
-544
-496
-714
-647
632
-836
-13
-886
-582
-985
-419
-316
775
-211
239
226
-73
486
-734
865
765
97
-251
477
903
112
-814
-605
-942
356
-656
-506
-834
-361
732
81
11
-641
-452
-253
-123
-988
-967
-136
279
-627
-426
953
880
-108
-370
573
-549
146
491
-313
-634
-758
-401
-290
-873
-337
-160
320
923
182
640
663
-688
-443
-426
530
86
-936
894
-830
973
191
385
223
591
975
-873
-490
560
-243
444
163
-739
482
-38
102
599
860
-759
-201
-826
-392
508
996
217
601
898
-110
-868
677
-146
-206
-268
969
356
717
4
-283
-800
589
397
886
-747
-783
36
-342
633
-448
37
489
-970
445
-89
612
924
-694
-419
704
-792
510
55
301
926
-762
152
-523
-833
709
-555
286
-704
-196
-921
-267
927
592
-362
857
902
-733
185
977
-675
-924
-765
-197
-824
-820
-205
784
129
-153
414
293
303
404
-982
804
-48
905
54
-401
731
801
-407
917
-109
-561
734
1
292
846
-982
-32
-21
-694
820
378
487
877
-290
-472
772
949
714
-389
-312
167
-951
371
-211
558
35
583
776
321
595
971
136
-433
447
-436
-825
-835
-651
939
183
184
24
-370
46
-604
-61
491
575
-923
74
443
-642
-428
-96
967
-91
-713
-286
-288
-426
-718
947
-451
-785
626
883
-454
-306
-86
-989
478
727
-677
462
375
323
922
-19
720
716
830
593
843
-376
-2
817
-85
-338
29
-722
-39
-809
355
-435
-850
1000
928
792
422
-233
-305
-591
-828
69
810
-636
262
-763
-635
-484
-681
-31
774
144
-566
567
-265
499
849
-144
476
631
957
316
772
-331
-186
401
-811
-766
417
846
118
249
-166
-394
-224
648
-849
-342
-538
200
461
852
892
-932
-680
-734
-431
644
-182
568
69
342
-964
-955
-546
-429
857
-926
-498
-126
201
35
637
784
-198
-27
-341
-761
-832
-269
-797
985
974
562
491
434
230
950
-300
-302
-920
853
391
428
401
229
298
145
-358
757
-376
351
-414
-80
435
-737
-786
-747
313
509
49
714
623
571
-526
-349
-421
41
396
412
-272
-677
259
945
-404
360
110
107
-525
-789
-835
765
-553
-725
683
332
254
470
-424
537
-645
-101
500
339
849
-741
312
622
673
705
244
-402
-604
635
742
-161
342
-700
-194
211
365
833
-784
496
-811
71
484
-347
-977
940
766
736
269
183
-660
-597
-337
-528
30
443
-779
-817
-620
-599
139
-855
601
-584
596
-259
297
748
-477
371
-11
-843
-324
-733
-944
519
-57
618
-227
-866
-431
111
-818
-370
656
-812
861
578
292
244
757
28
494
-753
865
-362
-142
231
673
671
323
626
-998
143
430
796
127
-78
-645
-480
480
36
-479
180
329
859
430
-987
252
450
467
536
-148
-733
-826
212
-769
425
-533
-838
-533
691
-954
189
821
-873
326
-598
752
837
285
-258
666
423
255
738
651
-285
-920
784
-427
-671
393
971
233
651
-582
-314
640
-706
893
903
-306
-538
-283
425
118
730
343
636
-306
-868
-458
602
758
997
-837
-586
-815
600
-117
-768
414
621
700
139
836
-252
931
53
409
825
833
898
-4
-204
-496
89
-879
-661
149
317
265
81
-690
-542
-643
-565
554
-750
-240
800
247
844
-576
306
-415
426
603
-104
136
597
-899
-304
-947
-765
-650
993
777
966
15
196
555
455
-254
-90
273
638
-660
-703
-451
122
-780
-18
231
171
-139
440
239
345
847
-121
839
96
122
167
-276
382
-256
893
-944
-525
-493
-353
-137
406
918
76
-200
-259
-439
-805
32
367
-990
804
651
745
-835
-376
818
-439
856
524
-811
113
987
651
-406
104
-720
16
-126
-876
453
-835
-350
-828
876
-653
788
281
-820
-133
45
90
594
827
589
529
270
-207
430
740
-654
67
-778
179
138
-172
522
539
-321
77
-898
253
189
962
581
-33
755
722
800
31
-980
155
795
-291
388
-80
157
819
523
268
50
104
4
-842
-741
-353
841
713
-16
378
-419
624
378
-20
-522
607
768
-410
663
344
-614
294
327
217
365
973
-541
613
334
-839
627
-573
-52
693
-390
937
-958
-420
-419
-498
499
-167
608
-261
-82
-275
-623
794
-665
151
918
645
-957
-951
466
-696
424
-265
646
748
-630
793
784
-974
-101
874
854
581
-751
-164
937
-608
-267
-123
-48
-531
477
-377
-696
477
-161
568
753
652
-480
-73
914
587
-976
780
-833
391
-354
-551
-211
-289
598
-258
674
-418
678
923
-314
-947
30
426
442
344
-734
-219
-410
-332
19
-954
939
-268
-508
-887
772
990
-611
696
-669
-500
-154
-1000
-213
288
218
283
-573
-982
-411
-367
335
-169
10
84
727
-957
37
-411
-198
-572
941
601
313
941
-743
-908
-213
181
192
489
-665
140
-96
79
-985
-909
-707
-472
-529
590
78
927
-387
989
-845
798
-152
88
-917
264
982
981
-889
-183
-553
-985
467
-419
709
811
-110
488
-489
656
666
-165
-202
-417
-675
964
698
602
469
278
-415
-814
288
-766
-22
-199
-68
-35
743
-173
150
301
-177
244
-206
-99
891
458
-501
666
225
50
47
266
-444
745
-253
298
-183
284
776
-289
894
907
632
-907
309
526
638
-446
464
-498
249
118
-456
933
39
538
269
-424
-145
50
0
61
406
-308
-535
255
392
-728
-675
487
-425
523
83
994
785
-595
-984
-194
292
-814
455
-435
431
-426
-817
148
-956
3
582
-395
379
90
977
-675
-750
686
-572
1000
-448
694
350
583
-774
-275
232
728
-648
-700
-196
-259
687
2
198
31
198
-615
535
-112
20
-30
596
-82
605
962
-345
-146
-694
-604
111
950
586
-30
979
-422
-671
99
671
10
-392
907
295
-613
-532
975
-577
-540
468
122
-10
-17
801
-271
864
-588
-159
-402
-233
259
72
175
-798
771
-860
352
80
608
-74
131
620
745
792
-375
849
981
-580
773
871
-148
-748
174
730
786
-573
114
-255
-751
-249
463
-329
-669
-995
947
-69
166
795
444
979
-804
812
244
-4
-646
-415
260
319
-762
-412
-410
-242
-883
280
84
711
-873
-586
-607
677
-237
-300
353
526
585
829
471
-184
-922
733
-195
-623
-199
-78
-874
420
963
-591
469
-606
-179
78
-923
818
956
-244
145
-567
255
778
505
583
-15
-326
145
107
-519
888
436
-459
310
151
509
287
477
-250
416
-662
563
399
-779
-547
-288
958
-802
-33
213
431
-787
-129
848
-497
-837
-546
369
-433
185
-701
511
659
636
890
-599
-932
647
-162
-40
-216
-968
-213
297
613
-58
-328
-764
-778
-524
409
-190
-60
-33
826
485
452
118
627
919
145
-70
639
-526
688
-946
280
-544
-601
944
-340
-934
50
117
-863
-201
-833
-646
432
992
-145
481
640
38
201
-125
861
-67
-974
-263
54
-630
-488
-824
-482
-355
38
403
-853
898
869
-497
450
547
392
288
13
-225
248
185
-494
-788
778
-816
779
-114
139
369
-494
311
958
256
-183
-15
542
12
-163
-11
-128
205
-60
-373
-104
586
371
841
587
-109
-399
-646
-28
617
21
397
-746
-786
740
31
120
606
-526
-641
924
373
-193
-206
896
856
990
794
376
-86
347
81
-244
-488
-147
885
25
-405
604
237
-180
-133
-805
-133
-7
960
-140
-235
-947
-373
-240
342
811
-183
563
-687
-23
-846
-808
-749
718
920
-714
961
264
357
-213
-12
-462
536
-667
824
-218
119
612
961
-307
427
-241
-214
-531
25
799
-292
408
970
75
981
922
542
804
-12
428
-278
-165
-433
845
59
-338
290
292
418
-878
703
-803
658
146
-179
94
144
836
54
800
-221
183
118
-53
130
53
-963
-34
-728
-532
-795
158
-12
-58
-366
454
-656
-383
592
993
-420
-835
446
457
-772
999
-467
648
-653
-191
-720
-352
971
83
-712
-789
-931
876
-830
-524
477
310
-989
-538
-324
36
480
-504
594
-502
460
746
-336
-996
-827
721
296
-663
716
-752
-991
-741
-900
-566
933
253
-223
-157
451
-588
-543
-428
-610
-410
-213
235
-388
-575
-715
296
-754
-957
-55
335
-570
-861
-163
950
-396
-583
207
-100
-657
55
259
172
-539
731
404
146
-227
-786
95
935
134
-747
385
430
-276
881
354
157
-572
726
239
522
-632
809
-569
969
-153
58
-489
-73
-283
324
665
106
25
-809
940
980
-283
-273
-147
949
902
343
-633
765
729
-31
524
-9
-214
-226
-569
-305
112
742
-381
-777
980
229
-698
-643
-368
434
256
608
935
-374
-22
-590
708
529
904
-162
343
-933
942
-601
-2
-486
614
-786
578
-903
990
-437
-612
785
-524
574
692
291
138
-825
-422
-907
-832
-207
-406
-454
-423
908
18
-50
702
389
-990
199
-695
-945
-67
-65
-636
320
969
-588
-923
-329
72
440
-920
583
11
-162
-507
-635
441
-374
-679
-799
188
-110
874
619
-540
-950
-258
-131
-283
-676
341
-692
-455
-307
190
-145
883
-963
-146
958
-910
973
-159
435
597
-940
881
-727
301
450
-250
945
-751
-985
608
343
322
871
255
-317
-968
302
-775
-378
523
-350
-173
-26
191
-521
111
794
-340
-946
685
26
-57
384
-551
-113
-534
787
-481
547
-910
-713
-620
580
742
531
-876
235
-161
-688
995
-775
619
668
-677
-533
331
-226
-984
-727
-811
-110
65
-796
369
192
849
326
259
-748
-861
130
-945
360
-221
955
-441
345
-755
-870
-594
-180
-598
992
122
-430
-934
848
-474
-336
-401
-690
-674
343
-186
862
985
-343
468
639
941
-589
-617
891
-465
-140
-364
688
390
-678
843
177
924
285
-794
290
22
-980
-903
867
-575
918
-209
201
621
809
-351
56
-198
189
-757
326
-492
-823
-555
45
-374
426
-420
-761
276
-43
-129
-550
536
-690
70
903
-524
-330
582
-570
689
-102
963
-752
-85
612
-372
-642
910
300
959
-861
-279
865
229
-20
-685
-181
-18
398
426
792
-804
-649
-499
864
27
721
-238
-600
-240
-734
260
-371
944
-855
674
835
-86
-508
123
-216
-334
-12
-571
340
551
-715
42
113
-867
-144
-377
-176
-448
564
-191
-451
649
496
78
-832
-98
-693
169
145
-974
-671
805
99
-9
123
796
5
379
304
-771
-313
-751
-480
71
669
-300
762
493
-850
62
-285
-588
208
366
285
-411
-492
772
345
-473
-663
-766
600
-268
-263
952
-860
-477
-964
-571
11
-673
755
-16
951
517
-23
-860
482
433
342
-936
260
575
-896
-764
902
-905
-275
-304
-326
-901
34
-818
641
102
182
579
-531
-709
-729
-414
-907
837
669
2
291
-869
-793
461
441
-989
405
-956
-405
-932
-781
-467
-751
-175
-435
349
247
869
320
-488
-993
-423
-863
977
167
886
439
-472
717
936
975
-801
-65
342
362
93
882
993
-680
127
-208
-43
334
327
-547
-461
743
183
542
263
836
97
-645
996
-338
729
710
-985
-415
550
615
-451
456
-472
760
-91
190
-385
519
956
-939
-703
-36
-156
-706
-24
239
-181
-727
-179
-495
390
387
925
-662
632
-724
-430
-413
271
-249
857
789
143
179
-924
907
-852
-809
-527
-841
-984
-360
-529
333
776
-638
-646
275
-476
-912
-719
-489
997
-907
445
741
921
728
145
740
723
595
-741
875
152
-13
957
880
831
132
440
-141
-739
-800
-196
705
-265
727
65
-445
-161
68
-729
-321
-45
-150
561
4
364
356
791
-268
-574
-387
-547
-174
42
291
635
-94
-646
-593
993
-848
-849
269
485
-878
-383
-926
-65
65
57
-675
757
554
-716
-38
219
122
-381
210
815
491
476
-297
-8
653
-983
767
482
556
-111
461
-95
-317
118
-519
-391
-118
-642
-183
788
-566
-601
-475
761
-203
395
-857
-727
629
602
-271
-868
760
856
119
568
-663
-300
362
-391
-642
541
211
123
437
-388
574
-460
-546
550
-35
699
503
-726
824
-308
-265
-340
977
-750
606
274
-165
-818
730
-182
985
-722
109
-236
769
-458
-370
224
575
879
-652
-244
-337
-426
-289
526
-477
317
526
635
-531
591
-712
333
714
681
398
363
950
-430
907
329
859
-283
577
987
-203
-501
-751
921
-259
-193
-445
833
864
-450
-927
-635
-930
701
-846
10
720
419
-967
976
69
-447
-764
361
-479
-105
365
-342
917
-976
-412
-41
-614
701
-161
-453
526
334
620
-457
-167
-306
-166
935
-227
797
-466
-825
525
-553
15
185
-52
670
-284
-499
-817
-941
577
986
33
685
289
-655
53
-614
-216
983
224
444
-207
-779
835
43
-375
-849
-890
-162
-734
676
-298
783
845
872
-642
-981
681
-457
105
-637
962
540
-638
-788
-962
-948
775
-957
-610
978
-843
291
-301
-129
752
455
294
-411
189
-358
566
358
852
752
-210
726
419
434
-280
513
407
-662
-401
668
298
376
-743
-213
-844
-357
-843
940
625
-594
153
-129
575
-558
115
789
914
-49
-245
849
930
759
-702
835
-162
-293
730
973
701
834
-341
659
-352
741
472
-878
-326
-566
612
-125
583
-917
358
-446
612
833
-436
-387
494
264
-725
699
-23
-637
-290
-600
673
48
224
-992
-4
-809
756
-80
-314
328
734
130
778
616
612
701
-404
-192
432
-287
-541
282
-838
603
545
453
101
-492
755
750
-127
-40
-246
87
-747
-454
-252
732
201
-39
340
-652
-683
427
-926
-351
-288
10
-976
579
-929
945
-54
174
-595
688
296
-300
314
778
612
256
-86
966
911
494
631
-190
-244
-435
-988
-736
368
-160
579
863
-568
-47
340
-962
-873
890
844
271
-581
-183
257
-587
-404
306
-431
175
-462
979
-291
432
-409
-217
-88
-932
-65
925
314
-630
639
295
678
390
724
-930
-309
-867
993
-456
877
180
152
470
-144
643
-937
831
147
-935
823
-453
678
-448
130
-486
401
548
-412
643
-105
751
968
-667
-681
588
-91
-909
877
-223
359
8
205
31
-927
988
-1
903
82
259
-350
383
702
900
650
-622
-170
-738
-423
-419
-262
-756
859
-469
-554
673
-170
768
-702
-606
990
-555
-588
-993
840
-393
-889
77
-170
115
-188
-123
-448
496
-430
78
120
478
-856
79
-565
-877
1000
509
397
-782
107
76
-646
-987
756
-699
892
877
-520
-978
351
-105
-119
429
449
932
366
435
1
122
668
994
131
235
174
-286
550
421
-621
709
-751
-856
-4
-13
835
926
315
430
-176
252
344
824
105
750
654
430
-705
297
222
102
102
133
459
-605
387
947
371
-303
-51
-954
712
-692
-287
-393
905
-630
-907
-193
-367
-481
-583
291
857
-961
-290
-328
-93
827
-671
-991
645
786
-874
661
-414
-255
43
-787
500
22
-172
128
31
579
363
29
-269
-516
601
-202
-441
-451
869
-528
459
-598
-387
-302
-316
-354
189
137
-347
419
197
777
183
798
-271
782
960
-292
639
-585
-776
834
993
-471
-781
-652
-585
626
-184
-508
-143
778
576
-8
-829
105
-30
-304
-647
-400
255
-854
-794
349
972
-520
-965
-654
-276
-919
-847
-323
182
532
-606
77
233
231
-871
795
-489
-100
583
635
159
435
876
-883
169
998
925
865
-109
315
-329
-199
-299
-466
-146
218
962
691
-129
-232
763
836
709
418
-647
904
-10
63
-506
499
888
-993
448
21
-499
-132
-531
997
-385
-749
481
-726
645
674
-642
-497
-310
-349
-24
-619
-812
-856
-26
506
152
-274
-727
-874
-82
-91
811
202
-783
294
-770
-111
-284
240
808
-532
343
640
-625
-997
362
-592
2
711
867
215
298
-347
61
-539
868
405
-522
42
-870
-794
-324
-273
-682
-921
-596
479
-129
528
5
-400
379
910
-318
-311
-760
-87
363
-959
-254
319
-819
-537
176
597
-800
-321
-717
859
411
-349
917
951
200
765
-220
-159
885
921
-641
-937
124
769
-782
7
682
-823
855
375
-662
-424
-17
698
287
-367
-292
835
688
-741
-486
-330
-621
-508
-272
-64
-898
409
-145
917
743
399
-602
640
340
728
-510
702
211
-549
-841
871
-850
721
889
241
-396
-866
953
-910
667
-664
526
164
204
505
-321
-523
802
728
647
-347
323
-495
624
-344
-187
22
811
-98
-673
-349
-801
-770
-186
-238
-279
-410
199
487
-932
41
-563
-953
-97
-650
296
-451
-631
-53
-415
76
-812
-441
-634
-531
635
485
321
-981
-697
578
35
-226
-220
-511
339
-394
268
-441
505
-558
765
-385
-7
-970
422
-474
-630
-784
-696
-19
-763
-913
822
-286
-96
-661
-860
198
350
951
556
108
-742
-238
894
62
-890
880
-851
-19
306
-674
630
-339
-983
671
-927
105
596
348
-189
-736
-353
-238
59
475
544
-610
-27
-361
-675
-782
-494
80
-823
-145
-637
-439
-573
-331
575
-846
-309
-440
-997
-462
226
-242
-764
610
-308
28
-970
-554
550
471
621
874
785
561
-458
59
-61
-983
679
-468
-952
174
222
105
-868
320
-968
879
-447
-953
290
-679
447
817
-413
150
-962
-304
-459
30
-785
-574
552
778
-968
-383
-642
242
-957
371
-902
868
-583
-629
-980
898
-967
91
-980
654
-117
758
762
-764
-374
-149
118
-210
-236
-33
103
-611
977
-129
455
-462
851
-128
-884
-731
791
-630
733
113
598
106
961
326
762
382
762
491
965
-701
539
-635
-809
-199
-251
-370
51
-43
-149
765
613
663
901
668
-704
-233
912
-493
-614
-275
141
333
770
-416
-421
-594
-781
-908
789
-375
-702
679
-547
-758
809
606
394
438
180
-708
-450
883
-653
993
865
-32
-305
-816
214
247
-844
798
-811
-150
-308
-915
-945
376
717
369
-867
-984
935
-435
733
3
-939
-873
82
-556
74
-274
-484
-251
265
198
789
994
-638
-408
751
992
396
-398
27
-13
92
980
-474
773
-250
387
-631
431
403
-990
753
-603
-570
-131
-270
-790
333
307
663
-37
-136
933
-707
319
-433
-86
-66
-779
-465
-744
247
161
223
-50
-520
-885
-249
912
239
-505
114
716
-374
-289
-340
902
922
-866
-79
-599
411
133
-999
328
-967
285
170
-430
-191
673
-678
-591
997
-938
825
-712
246
-861
-980
84
-981
-418
362
952
-128
36
-643
-903
590
-286
559
-384
-86
-41
247
-639
-944
735
-856
360
542
193
519
-446
513
100
648
959
-198
703
325
-608
708
713
791
-171
916
322
716
-607
-325
49
-128
613
565
424
-306
358
12
-501
-558
-307
522
841
213
410
907
616
-808
815
162
-696
323
-649
-572
-451
522
-290
-356
92
-66
-430
231
-405
-2
-729
-757
-979
-812
-509
289
814
-151
-881
918
749
-397
207
975
215
-497
-437
-257
-335
-5
-198
93
-682
-409
177
-739
372
769
305
-488
790
-345
-685
177
-990
81
902
-216
-126
399
-530
-699
63
290
-239
832
-108
859
761
-92
-584
683
786
-100
-729
215
-434
930
-93
636
658
4
18
431
278
-183
791
-874
-985
917
972
-885
474
996
730
-256
-690
-871
-538
600
996
890
-626
-457
273
179
-996
279
-23
199
-290
-699
739
933
-876
894
597
164
-439
-2
-805
864
75
60
344
-377
319
-289
162
459
279
745
-164
70
78
547
-307
832
159
47
-228
157
-615
-237
-808
135
153
-531
675
392
519
900
-736
555
-245
-892
326
295
-39
-325
977
165
390
200
-144
502
724
-773
213
624
-938
578
-240
-978
588
72
381
692
-155
41
-810
-941
-962
788
-180
-517
-623
-73
-65
356
-546
303
-716
458
-985
964
-881
-760
802
348
-777
-839
-218
324
105
-373
-458
410
-398
-311
-687
-59
-693
871
-889
89
871
-375
-776
103
35
228
250
525
542
-383
331
-195
780
500
49
701
-95
-640
545
-861
125
-329
747
-928
-884
789
329
273
-217
-539
-160
983
734
-10
-156
1
631
546
-566
157
-310
990
-764
-147
495
253
297
-749
116
314
-161
838
320
446
-300
925
168
-536
728
-354
-829
-86
-830
269
-513
-939
705
-585
-620
-948
-734
-862
888
-94
-914
230
909
-80
-60
777
718
895
-523
-507
-500
-219
463
224
837
-486
-411
869
576
759
-583
-483
393
653
716
-624
551
280
835
-573
-499
561
710
997
-986
-958
423
664
-400
615
-728
-573
858
446
-173
578
407
-579
-647
768
-926
-918
-903
1000
147
-697
878
954
-920
64
-946
639
-546
-469
167
-980
-413
-818
-428
18
-424
-166
796
-654
-126
442
-734
-789
133
-781
-515
11
564
-655
-159
215
-351
11
-152
394
-137
-686
869
-182
-299
661
-832
-97
-293
750
-985
218
862
563
-3
-841
203
-675
-525
794
-732
260
-162
288
563
-885
250
376
95
374
-238
-349
244
188
76
416
-23
189
-235
-259
-957
982
530
-231
34
-891
-117
354
-294
-72
-903
-978
-337
521
367
63
-699
-671
821
-368
80
803
396
511
483
-872
-980
-33
389
776
-990
-367
778
-184
-147
-348
152
431
481
-512
316
-986
129
828
-232
231
-39
-978
-6
107
786
-182
153
594
-798
575
496
-600
748
62
-315
-545
-10
-538
-401
172
390
211
-571
-520
228
-389
-670
688
19
49
-149
999
712
-759
648
-767
-248
-969
100
-165
-267
-434
-534
408
999
491
987
568
703
-868
425
530
-923
818
-745
-290
-91
-885
-207
-79
778
-740
-663
-57
-325
57
293
760
-692
887
113
336
815
354
-745
466
270
128
775
-361
-295
430
703
509
-514
-606
-554
-806
606
-434
-580
-417
-969
-377
-840
47
-897
-507
291
-997
-291
778
93
641
668
328
-109
116
-515
-960
-718
820
-988
-15
782
525
-726
176
531
128
74
139
603
-752
701
-43
-42
851
-75
-20
723
367
132
-283
15
-484
709
663
824
-655
17
126
-902
795
464
-594
-144
265
899
529
-444
-716
-84
-11
-939
667
736
34
613
89
-770
-921
14
301
132
647
-393
-476
4
-554
-483
868
-590
554
553
85
-892
-425
-725
-796
-102
-792
-819
-764
618
712
437
827
-217
-649
-541
-737
340
989
-375
-199
202
-771
-107
54
-534
372
-448
215
-52
-988
303
836
-860
109
-982
41
904
-777
-863
495
364
-408
-278
-22
319
-57
-981
-252
-751
666
860
912
-288
721
-214
-650
-988
-746
-377
-963
-291
737
-650
599
-2
768
-386
-363
-123
-578
-250
525
981
-560
-533
-157
716
348
-776
-700
177
391
-276
839
-242
401
192
841
-58
-508
-302
106
244
-563
842
421
158
399
464
-233
333
-889
-527
-53
298
725
-165
-706
-419
-613
-76
594
900
-344
375
-243
-523
366
790
-554
-586
-991
-295
-574
436
-6
-841
703
638
931
-960
672
770
786
9
-818
867
846
341
-956
346
-982
789
-534
785
775
993
-529
-650
932
-945
-921
299
818
-631
-107
-472
-775
-401
827
-397
968
134
252
476
-303
88
189
264
145
432
-251
896
42
895
484
390
765
-48
818
-411
-930
-711
932
-500
537
961
-294
226
265
-502
814
-651
768
-160
132
-146
258
-865
664
170
533
-501
761
702
7
869
468
-865
-818
-94
574
679
937
-347
355
-335
-57
-96
390
106
-750
-208
-34
-518
212
-842
-354
964
-65
774
-466
-373
902
-309
-482
-78
841
899
954
-531
262
686
-84
-452
-679
-15
-542
-520
628
-123
74
283
61
904
153
418
-230
938
-353
118
-540
421
569
609
-794
206
167
945
958
-858
247
324
-589
-468
-298
-690
523
394
-882
-672
-372
881
143
-414
755
186
-505
276
502
-269
-355
377
575
-131
184
-588
-293
127
754
860
-387
-613
-49
3
-850
289
592
-258
665
914
865
-658
-283
-194
886
230
170
-172
-30
428
799
-791
-342
581
110
-618
-30
728
-853
569
-534
707
-63
962
601
-232
357
275
38
-614
574
53
-295
806
-933
-682
579
-577
140
-529
880
452
-500
-785
-908
-468
550
677
-906
524
686
728
-205
817
-349
-699
938
628
-350
-598
481
503
-376
482
386
-338
587
-814
-170
-714
246
859
933
966
-822
332
293
-963
-6
651
-555
-983
37
230
-839
-904
224
875
-45
934
-339
131
500
-537
110
808
485
-810
-631
-630
935
-151
-5
981
462
-500
898
-683
926
340
961
35
-716
697
-187
-84
-506
877
577
-331
630
-891
-102
38
798
-96
623
-654
-500
555
717
-808
475
-640
936
939
717
-14
184
-215
-577
-134
-20
-483
423
983
-679
22
-41
-312
-718
-878
756
-313
286
-246
453
372
339
39
809
-917
255
-501
-305
-469
-339
986
-373
276
252
-945
-502
852
870
-753
500
-510
289
-306
-727
-302
835
-371
-633
-530
-319
929
-770
563
-806
-174
-160
986
721
903
-25
577
123
-148
73
-643
201
665
-187
397
-706
-209
487
-53
940
466
566
917
114
-939
470
393
411
911
584
265
700
-314
622
905
-344
802
295
-743
397
-430
614
-71
-825
-567
-700
712
1
-582
-994
713
-452
-955
43
-217
-919
-264
534
301
557
-427
835
990
-381
654
-27
-422
-646
-890
-177
-46
640
-558
-104
-966
386
-265
-962
729
-45
-683
347
375
-632
-493
-191
-322
-91
55
-702
-549
601
-415
126
-473
35
-101
417
563
-185
-54
-160
-523
831
605
-275
85
736
983
768
927
-476
-918
203
32
-277
-367
774
-832
41
46
-582
-894
-732
-717
246
200
867
584
203
-631
958
-537
-120
94
-434
199
-814
695
-479
482
-955
-880
484
208
971
464
-604
-904
148
386
500
976
-954
614
-823
-832
997
512
625
387
166
-737
-829
241
-734
-114
-417
425
-14
258
-241
-560
-657
-810
-613
952
890
221
320
924
516
549
335
-383
450
-544
-765
238
-660
474
-86
840
-245
-861
-318
676
529
714
441
385
476
584
-496
761
816
328
-380
873
-232
-171
687
-75
-235
49
675
128
-530
-844
-463
-397
-83
-477
-39
-928
675
-642
-400
311
-578
-65
-602
-38
624
-16
744
-725
378
943
915
-277
842
-141
418
-691
-790
638
862
570
-186
-347
-662
837
821
822
-909
931
532
210
885
-231
164
846
744
12
-81
-498
753
-483
34
-556
-713
854
918
-897
-14
-722
151
766
-331
-594
-598
-741
526
-391
-81
673
184
410
-563
-867
-791
533
-412
683
606
-330
836
644
-76
489
0
-712
944
299
470
-876
194
-7
305
129
136
-571
-897
-821
-39
863
954
-588
345
-479
877
660
-699
-458
-817
73
777
106
251
-364
-34
-798
-181
372
-74
-258
-880
56
80
348
-331
238
959
284
-508
780
-373
-116
-281
953
-530
-346
-974
337
-935
-441
452
-338
-482
545
-708
-717
-970
-617
-64
286
916
216
882
111
827
-50
-268
428
683
-736
435
-211
912
366
942
-753
959
756
-783
-969
-485
-645
948
48
-417
-319
-592
57
384
794
865
100
124
-767
-874
-488
-353
-536
83
-8
-519
990
-18
-618
-670
397
725
459
-681
129
980
-981
688
-665
-558
606
-658
528
-473
878
805
-391
747
-810
926
698
-521
463
-735
-405
-542
-81
-248
-177
-699
-370
-883
-908
-315
-155
-472
350
-986
-255
742
-679
-39
-735
-679
589
745
-624
-276
-619
-936
-621
-347
779
151
305
883
-502
-663
839
934
-23
355
746
777
259
695
423
-689
587
659
613
-931
33
748
535
-266
-117
865
749
317
-1000
-342
-759
-233
-319
-864
-113
-230
170
815
903
416
-533
-958
-698
185
-301
756
-146
480
-281
586
310
-416
-163
469
-595
-619
-710
361
79
-121
149
245
790
-378
466
-750
9
41
636
-86
-92
711
871
-450
820
-601
338
-101
-982
58
-441
583
994
-386
-275
-877
-532
253
-235
443
-344
-747
787
523
22
-919
-417
540
-458
-790
378
194
566
609
-621
338
-177
-424
-80
-939
-496
-974
-978
-587
-82
-180
-537
-441
32
2
317
750
-4
606
546
-924
-219
-840
900
576
644
700
-349
91
237
-732
-486
541
430
-10
-267
576
701
-812
427
147
388
383
-319
-851
-953
98
-725
73
-365
506
-906
-446
173
-191
-923
406
-77
976
591
512
102
-203
798
986
-961
-525
238
315
848
-479
660
-636
771
-81
267
-51
474
964
613
-726
981
-334
-325
-179
-965
-882
-660
-477
916
822
764
-932
-219
-789
-289
277
